         0
4.4283e+14
4.6054e+14
4.7895e+14
 4.981e+14
5.1801e+14
5.3872e+14
5.6025e+14
5.8265e+14
6.0595e+14
6.3017e+14
6.5536e+14
6.8156e+14
7.0881e+14
7.3715e+14
7.6662e+14
7.9727e+14
8.2914e+14
8.6229e+14
8.9676e+14
9.3261e+14
9.6989e+14
1.0087e+15
 1.049e+15
1.0909e+15
1.1345e+15
1.1799e+15
1.2271e+15
1.2761e+15
1.3271e+15
1.3802e+15
1.4354e+15
1.4928e+15
1.5524e+15
1.6145e+15
 1.679e+15
1.7462e+15
 1.816e+15
1.8886e+15
1.9641e+15
2.0426e+15
2.1243e+15
2.2092e+15
2.2975e+15
2.3893e+15
2.4849e+15
2.5842e+15
2.6875e+15
 2.795e+15
2.9067e+15
3.0229e+15
3.1438e+15
3.2694e+15
3.4001e+15
3.5361e+15
3.6774e+15
3.8245e+15
3.9773e+15
4.1364e+15
4.3017e+15
4.4737e+15
4.6525e+15
4.8385e+15
 5.032e+15
5.2331e+15
5.4424e+15
5.6599e+15
5.8862e+15
6.1215e+15
6.3662e+15
6.6208e+15
6.8854e+15
7.1607e+15
 7.447e+15
7.7447e+15
8.0543e+15
8.3763e+15
8.7112e+15
9.0594e+15
9.4216e+15
9.7983e+15
 1.019e+16
1.0597e+16
1.1021e+16
1.1462e+16
 1.192e+16
1.2396e+16
1.2892e+16
1.3407e+16
1.3943e+16
1.4501e+16
 1.508e+16
1.5683e+16
 1.631e+16
1.6962e+16
1.7641e+16
1.8346e+16
1.9079e+16
1.9842e+16
2.0635e+16
 2.146e+16
2.2318e+16
 2.321e+16
2.4138e+16
2.5103e+16
2.6107e+16
 2.715e+16
2.8236e+16
2.9365e+16
3.0539e+16
 3.176e+16
3.3029e+16
 3.435e+16
3.5723e+16
3.7151e+16
3.8636e+16
4.0181e+16
4.1787e+16
4.3458e+16
4.5195e+16
4.7002e+16
4.8881e+16
5.0835e+16
5.2867e+16
5.4981e+16
5.7179e+16
5.9465e+16
6.1842e+16
6.4314e+16
6.6886e+16
 6.956e+16
 7.234e+16
7.5232e+16
 7.824e+16
8.1368e+16
8.4621e+16
8.8004e+16
9.1522e+16
9.5181e+16
9.8986e+16
1.0294e+17
1.0706e+17
1.1134e+17
1.1579e+17
1.2042e+17
1.2523e+17
1.3024e+17
1.3545e+17
1.4086e+17
1.4649e+17
1.5235e+17
1.5844e+17
1.6477e+17
1.7136e+17
1.7821e+17
1.8534e+17
1.9275e+17
2.0045e+17
2.0847e+17
 2.168e+17
2.2547e+17
2.3448e+17
2.4385e+17
 2.536e+17
2.6374e+17
2.7429e+17
2.8525e+17
2.9665e+17
3.0851e+17
3.2085e+17
3.3367e+17
3.4701e+17
3.6089e+17
3.7532e+17
3.9032e+17
4.0592e+17
4.2215e+17
4.3903e+17
4.5658e+17
4.7483e+17
4.9382e+17
5.1356e+17
5.3409e+17
5.5544e+17
5.7765e+17
6.0074e+17
6.2476e+17
6.4973e+17
6.7571e+17
7.0272e+17
7.3081e+17
7.6003e+17
7.9041e+17
8.2201e+17
8.5488e+17
8.8905e+17
 9.246e+17
9.6156e+17
     1e+18
  1.04e+18
         0
