         0
1.3285e+16
 1.358e+16
1.3881e+16
1.4189e+16
1.4503e+16
1.4825e+16
1.5154e+16
 1.549e+16
1.5833e+16
1.6184e+16
1.6543e+16
 1.691e+16
1.7285e+16
1.7669e+16
 1.806e+16
1.8461e+16
 1.887e+16
1.9289e+16
1.9717e+16
2.0154e+16
2.0601e+16
2.1058e+16
2.1525e+16
2.2002e+16
 2.249e+16
2.2989e+16
2.3498e+16
 2.402e+16
2.4552e+16
2.5097e+16
2.5653e+16
2.6222e+16
2.6804e+16
2.7398e+16
2.8006e+16
2.8627e+16
2.9262e+16
2.9911e+16
3.0574e+16
3.1252e+16
3.1945e+16
3.2654e+16
3.3378e+16
3.4118e+16
3.4875e+16
3.5648e+16
3.6439e+16
3.7247e+16
3.8073e+16
3.8917e+16
 3.978e+16
4.0662e+16
4.1564e+16
4.2486e+16
4.3428e+16
4.4391e+16
4.5376e+16
4.6382e+16
 4.741e+16
4.8462e+16
4.9537e+16
5.0635e+16
5.1758e+16
5.2906e+16
5.4079e+16
5.5279e+16
5.6505e+16
5.7758e+16
5.9039e+16
6.0348e+16
6.1686e+16
6.3054e+16
6.4452e+16
6.5882e+16
6.7343e+16
6.8836e+16
7.0363e+16
7.1923e+16
7.3518e+16
7.5149e+16
7.6815e+16
7.8519e+16
 8.026e+16
 8.204e+16
 8.386e+16
8.5719e+16
 8.762e+16
8.9563e+16
 9.155e+16
 9.358e+16
9.5655e+16
9.7777e+16
9.9945e+16
1.0216e+17
1.0443e+17
1.0674e+17
1.0911e+17
1.1153e+17
  1.14e+17
1.1653e+17
1.1912e+17
1.2176e+17
1.2446e+17
1.2722e+17
1.3004e+17
1.3292e+17
1.3587e+17
1.3888e+17
1.4196e+17
1.4511e+17
1.4833e+17
1.5162e+17
1.5498e+17
1.5842e+17
1.6193e+17
1.6552e+17
1.6919e+17
1.7295e+17
1.7678e+17
 1.807e+17
1.8471e+17
1.8881e+17
1.9299e+17
1.9727e+17
2.0165e+17
2.0612e+17
2.1069e+17
2.1536e+17
2.2014e+17
2.2502e+17
2.3001e+17
2.3511e+17
2.4033e+17
2.4566e+17
2.5111e+17
2.5667e+17
2.6237e+17
2.6819e+17
2.7413e+17
2.8021e+17
2.8643e+17
2.9278e+17
2.9927e+17
3.0591e+17
3.1269e+17
3.1963e+17
3.2672e+17
3.3396e+17
3.4137e+17
3.4894e+17
3.5668e+17
3.6459e+17
3.7267e+17
3.8094e+17
3.8938e+17
3.9802e+17
4.0685e+17
4.1587e+17
4.2509e+17
4.3452e+17
4.4416e+17
4.5401e+17
4.6407e+17
4.7437e+17
4.8489e+17
4.9564e+17
5.0663e+17
5.1787e+17
5.2935e+17
5.4109e+17
5.5309e+17
5.6536e+17
5.7789e+17
5.9071e+17
6.0381e+17
 6.172e+17
6.3089e+17
6.4488e+17
6.5918e+17
 6.738e+17
6.8874e+17
7.0402e+17
7.1963e+17
7.3559e+17
 7.519e+17
7.6858e+17
7.8562e+17
8.0304e+17
8.2085e+17
8.3906e+17
8.5766e+17
8.7668e+17
8.9613e+17
  9.16e+17
9.3631e+17
9.5708e+17
 9.783e+17
     1e+18
1.0222e+18
         0
