         0
4.4283e+15
4.5519e+15
4.6788e+15
4.8093e+15
4.9435e+15
5.0814e+15
5.2231e+15
5.3688e+15
5.5185e+15
5.6725e+15
5.8307e+15
5.9933e+15
6.1605e+15
6.3323e+15
 6.509e+15
6.6905e+15
6.8772e+15
 7.069e+15
7.2662e+15
7.4688e+15
7.6772e+15
7.8913e+15
8.1114e+15
8.3377e+15
8.5702e+15
8.8093e+15
 9.055e+15
9.3076e+15
9.5672e+15
9.8341e+15
1.0108e+16
 1.039e+16
 1.068e+16
1.0978e+16
1.1284e+16
1.1599e+16
1.1923e+16
1.2255e+16
1.2597e+16
1.2948e+16
1.3309e+16
1.3681e+16
1.4062e+16
1.4455e+16
1.4858e+16
1.5272e+16
1.5698e+16
1.6136e+16
1.6586e+16
1.7049e+16
1.7524e+16
1.8013e+16
1.8516e+16
1.9032e+16
1.9563e+16
2.0109e+16
2.0669e+16
2.1246e+16
2.1839e+16
2.2448e+16
2.3074e+16
2.3718e+16
2.4379e+16
2.5059e+16
2.5758e+16
2.6477e+16
2.7215e+16
2.7974e+16
2.8754e+16
2.9557e+16
3.0381e+16
3.1228e+16
3.2099e+16
3.2995e+16
3.3915e+16
3.4861e+16
3.5834e+16
3.6833e+16
 3.786e+16
3.8917e+16
4.0002e+16
4.1118e+16
4.2265e+16
4.3444e+16
4.4655e+16
4.5901e+16
4.7181e+16
4.8497e+16
 4.985e+16
5.1241e+16
 5.267e+16
5.4139e+16
5.5649e+16
5.7201e+16
5.8797e+16
6.0437e+16
6.2123e+16
6.3855e+16
6.5637e+16
6.7467e+16
6.9349e+16
7.1284e+16
7.3272e+16
7.5316e+16
7.7417e+16
7.9576e+16
8.1796e+16
8.4077e+16
8.6422e+16
8.8833e+16
9.1311e+16
9.3858e+16
9.6476e+16
9.9167e+16
1.0193e+17
1.0478e+17
 1.077e+17
 1.107e+17
1.1379e+17
1.1696e+17
1.2023e+17
1.2358e+17
1.2703e+17
1.3057e+17
1.3421e+17
1.3796e+17
 1.418e+17
1.4576e+17
1.4983e+17
  1.54e+17
 1.583e+17
1.6272e+17
1.6725e+17
1.7192e+17
1.7672e+17
1.8164e+17
1.8671e+17
1.9192e+17
1.9727e+17
2.0278e+17
2.0843e+17
2.1425e+17
2.2022e+17
2.2636e+17
2.3268e+17
2.3917e+17
2.4584e+17
 2.527e+17
2.5974e+17
2.6699e+17
2.7444e+17
2.8209e+17
2.8996e+17
2.9805e+17
3.0636e+17
3.1491e+17
3.2369e+17
3.3272e+17
  3.42e+17
3.5154e+17
3.6135e+17
3.7143e+17
3.8179e+17
3.9243e+17
4.0338e+17
4.1463e+17
 4.262e+17
4.3809e+17
4.5031e+17
4.6287e+17
4.7578e+17
4.8905e+17
5.0269e+17
5.1671e+17
5.3112e+17
5.4594e+17
5.6117e+17
5.7682e+17
5.9291e+17
6.0945e+17
6.2645e+17
6.4392e+17
6.6188e+17
6.8034e+17
6.9932e+17
7.1883e+17
7.3888e+17
7.5949e+17
7.8067e+17
8.0245e+17
8.2483e+17
8.4784e+17
8.7148e+17
8.9579e+17
9.2078e+17
9.4646e+17
9.7286e+17
     1e+18
1.0279e+18
         0
