         0
4.4283e+16
 4.499e+16
4.5707e+16
4.6436e+16
4.7177e+16
4.7929e+16
4.8694e+16
 4.947e+16
5.0259e+16
5.1061e+16
5.1875e+16
5.2702e+16
5.3543e+16
5.4397e+16
5.5265e+16
5.6146e+16
5.7041e+16
5.7951e+16
5.8875e+16
5.9814e+16
6.0768e+16
6.1738e+16
6.2722e+16
6.3723e+16
6.4739e+16
6.5771e+16
 6.682e+16
6.7886e+16
6.8969e+16
7.0069e+16
7.1186e+16
7.2322e+16
7.3475e+16
7.4647e+16
7.5838e+16
7.7047e+16
7.8276e+16
7.9524e+16
8.0793e+16
8.2081e+16
 8.339e+16
 8.472e+16
8.6071e+16
8.7444e+16
8.8839e+16
9.0256e+16
9.1695e+16
9.3158e+16
9.4643e+16
9.6153e+16
9.7686e+16
9.9244e+16
1.0083e+17
1.0244e+17
1.0407e+17
1.0573e+17
1.0742e+17
1.0913e+17
1.1087e+17
1.1264e+17
1.1443e+17
1.1626e+17
1.1811e+17
   1.2e+17
1.2191e+17
1.2385e+17
1.2583e+17
1.2784e+17
1.2988e+17
1.3195e+17
1.3405e+17
1.3619e+17
1.3836e+17
1.4057e+17
1.4281e+17
1.4509e+17
 1.474e+17
1.4975e+17
1.5214e+17
1.5457e+17
1.5703e+17
1.5954e+17
1.6208e+17
1.6467e+17
1.6729e+17
1.6996e+17
1.7267e+17
1.7543e+17
1.7822e+17
1.8107e+17
1.8395e+17
1.8689e+17
1.8987e+17
 1.929e+17
1.9597e+17
 1.991e+17
2.0227e+17
 2.055e+17
2.0878e+17
2.1211e+17
2.1549e+17
2.1893e+17
2.2242e+17
2.2597e+17
2.2957e+17
2.3323e+17
2.3695e+17
2.4073e+17
2.4457e+17
2.4847e+17
2.5243e+17
2.5646e+17
2.6055e+17
2.6471e+17
2.6893e+17
2.7322e+17
2.7757e+17
  2.82e+17
 2.865e+17
2.9107e+17
2.9571e+17
3.0043e+17
3.0522e+17
3.1009e+17
3.1503e+17
3.2006e+17
3.2516e+17
3.3035e+17
3.3561e+17
3.4097e+17
3.4641e+17
3.5193e+17
3.5754e+17
3.6325e+17
3.6904e+17
3.7492e+17
 3.809e+17
3.8698e+17
3.9315e+17
3.9942e+17
4.0579e+17
4.1226e+17
4.1884e+17
4.2552e+17
4.3231e+17
 4.392e+17
 4.462e+17
4.5332e+17
4.6055e+17
 4.679e+17
4.7536e+17
4.8294e+17
4.9064e+17
4.9847e+17
5.0642e+17
 5.145e+17
 5.227e+17
5.3104e+17
5.3951e+17
5.4811e+17
5.5685e+17
5.6573e+17
5.7476e+17
5.8392e+17
5.9324e+17
 6.027e+17
6.1231e+17
6.2208e+17
  6.32e+17
6.4208e+17
6.5232e+17
6.6272e+17
6.7329e+17
6.8403e+17
6.9494e+17
7.0602e+17
7.1728e+17
7.2872e+17
7.4035e+17
7.5215e+17
7.6415e+17
7.7634e+17
7.8872e+17
 8.013e+17
8.1408e+17
8.2706e+17
8.4025e+17
8.5365e+17
8.6727e+17
 8.811e+17
8.9515e+17
9.0943e+17
9.2393e+17
9.3867e+17
9.5364e+17
9.6885e+17
 9.843e+17
     1e+18
1.0159e+18
         0
