         0
8.8567e+12
9.9853e+12
1.1258e+13
1.2692e+13
 1.431e+13
1.6133e+13
1.8189e+13
2.0507e+13
 2.312e+13
2.6066e+13
2.9388e+13
3.3133e+13
3.7355e+13
4.2115e+13
4.7482e+13
5.3533e+13
6.0355e+13
6.8046e+13
7.6717e+13
8.6493e+13
9.7515e+13
1.0994e+14
1.2395e+14
1.3975e+14
1.5755e+14
1.7763e+14
2.0027e+14
2.2579e+14
2.5456e+14
  2.87e+14
3.2357e+14
 3.648e+14
4.1129e+14
 4.637e+14
5.2279e+14
5.8941e+14
6.6452e+14
 7.492e+14
8.4468e+14
9.5231e+14
1.0737e+15
1.2105e+15
1.3647e+15
1.5387e+15
1.7347e+15
1.9558e+15
 2.205e+15
 2.486e+15
2.8028e+15
  3.16e+15
3.5626e+15
4.0166e+15
4.5285e+15
5.1055e+15
5.7561e+15
6.4896e+15
7.3166e+15
 8.249e+15
9.3002e+15
1.0485e+16
1.1821e+16
1.3328e+16
1.5026e+16
1.6941e+16
  1.91e+16
2.1534e+16
2.4278e+16
2.7372e+16
 3.086e+16
3.4792e+16
3.9226e+16
4.4224e+16
 4.986e+16
5.6213e+16
6.3377e+16
7.1453e+16
8.0558e+16
9.0824e+16
 1.024e+17
1.1545e+17
1.3016e+17
1.4674e+17
1.6544e+17
1.8653e+17
 2.103e+17
2.3709e+17
2.6731e+17
3.0137e+17
3.3977e+17
3.8307e+17
4.3189e+17
4.8692e+17
5.4897e+17
6.1893e+17
 6.978e+17
7.8672e+17
8.8697e+17
     1e+18
1.1274e+18
         0
